1292.538
1292.538
1292.538
5170.152
2585.076
3877.614
3877.614
1292.538
54131.49144
1938.807
2585.076
1292.538
1292.538
2585.076
3877.614
5170.152
1292.538
1680.2994
10340.304
5170.152
2585.076
2585.076
646.269
5170.152
3877.614
2585.076
1292.538
2585.076
3877.614
5170.152
1938.807
1551.0456
3877.614
3877.614
6462.69
1809.5532
1292.538
33114.82356
517.0152
646.269
2585.076
1292.538
646.269
1292.538
1292.538
387.7614
2585.076
646.269
387.7614
2585.076
1292.538
387.7614
387.7614
1292.538
2585.076
1263.648555
15163.78266
2527.297109
10109.18844
2527.297109
505.4594217
6318.242772
1769.107977
12636.48555
6318.242772
51683.22588
98690.95212
20218.37687
5054.594217
2527.297109
7581.891327
13900.13409
21482.02543
5054.594217
5054.594217
2527.297109
12636.48555
3790.945663
1263.648555
8213.715604
3790.945663
631.8242772
8213.715604
5054.594217
11372.83699
12636.48555
1895.472832
1263.648555
5054.594217
5054.594217
1263.648555
5054.594217
7581.891327
10109.18844
10109.18844
7581.891327
7581.891327
7581.891327
12636.48555
37909.45663
8845.539881
55297.26075
5054.594217
7581.891327
2527.297109
12636.48555
3790.945663
5054.594217
17691.07977
884.5539881
3790.945663
7581.891327
11372.83699
7581.891327
2527.297109
1010.918844
2527.297109
2527.297109
1263.648555
2527.297109
8845.539881
5054.594217
15163.78266
2527.297109
1769.107977
1263.648555
24641.14681
2527.297109
2527.297109
2527.297109
2527.297109
3790.945663
5054.594217
1263.648555
1263.648555
2527.297109
7581.891327
1263.648555
1263.648555
6318.242772
75161.81604
2527.297109
5054.594217
12636.48555
4422.769941
1769.107977
10109.18844
5054.594217
1263.648555
10109.18844
5054.594217
5054.594217
8845.539881
10109.18844
631.8242772
1263.648555
3790.945663
10614.64786
3790.945663
24009.32254
3790.945663
6318.242772
2527.297109
10109.18844
1263.648555
5054.594217
7581.891327
5054.594217
7581.891327
5054.594217
3159.121387
6318.242772
1263.648555
2527.297109
2527.297109
2527.297109
2527.297109
2527.297109
7581.891327
3790.945663
15163.78266
2527.297109
2527.297109
5054.594217
1263.648555
758.1891327
2527.297109
631.8242772
5054.594217
7581.891327
1263.648555
1263.648555
505.4594217
1263.648555
2527.297109
2527.297109
2527.297109
1263.648555
7581.891327
5054.594217
10109.18844
631.8242772
5054.594217
